	TIME        	YEARS       	WWCT        	WOPR        	WWPR        	WLPR        	WBHP        	WWIR        	FPR                      
	 1.000000	    0.002738	    5.91E-05	    4999.705	    0.295366	    5000.000	    2932.547	    6034.906	    3230.291	                 
	 31.00000	    0.084873	    5.06E-05	    4999.747	    0.253053	    5000.000	    2910.286	    6035.053	    3226.472	                 
	 61.00000	    0.167009	    4.48E-05	    4999.776	    0.224032	    5000.000	    2909.309	    6035.177	    3223.424	                 
	 91.00000	    0.249144	    4.18E-05	    4999.791	    0.209121	    5000.000	    2906.864	    6035.287	    3220.373	                 
	 121.0000	    0.331280	    4.05E-05	    4999.798	    0.202295	    5000.000	    2902.515	    6035.393	    3217.020	                 
	 151.0000	    0.413415	    3.97E-05	    4999.801	    0.198669	    5000.000	    2897.880	    6035.526	    3213.830	                 
	 181.0000	    0.495551	    3.94E-05	    4999.803	    0.196911	    5000.000	    2893.221	    6035.647	    3211.015	                 
	 211.0000	    0.577686	    3.93E-05	    4999.803	    0.196720	    5000.000	    2888.417	    6035.751	    3208.575	                 
	 241.0000	    0.659822	    3.96E-05	    4999.802	    0.197953	    5000.000	    2883.195	    6035.841	    3206.448	                 
	 271.0000	    0.741958	    4.01E-05	    4999.799	    0.200736	    5000.000	    2877.415	    6035.920	    3204.614	                 
	 301.0000	    0.824093	    4.11E-05	    4999.794	    0.205445	    5000.000	    2870.641	    6035.987	    3203.051	                 
	 331.0000	    0.906229	    4.25E-05	    4999.788	    0.212562	    5000.000	    2862.490	    6036.042	    3201.804	                 
	 361.0000	    0.988364	    4.50E-05	    4999.775	    0.225152	    5000.000	    2852.138	    6036.081	    3200.958	                 
	 391.0000	    1.070500	    5.99E-05	    4999.701	    0.299431	    5000.000	    2837.677	    6036.090	    3200.665	                 
	 421.0000	    1.152635	    0.000728	    4996.362	    3.637587	    5000.000	    2812.130	    6035.394	    3201.286	                 
	 451.0000	    1.234771	    0.042300	    4788.498	    211.5021	    5000.000	    2740.005	    5992.269	    3203.424	                 
	 481.0000	    1.316906	    0.191208	    4043.960	    956.0403	    5000.000	    2656.314	    5837.889	    3206.971	                 
	 511.0000	    1.399042	    0.369331	    3153.346	    1846.654	    5000.000	    2587.232	    5653.263	    3210.804	                 
	 541.0000	    1.481177	    0.512883	    2435.583	    2564.417	    5000.000	    2547.923	    5504.531	    3213.650	                 
	 571.0000	    1.563313	    0.613807	    1930.963	    3069.038	    5000.000	    2530.759	    5399.954	    3215.774	                 
	 601.0000	    1.645448	    0.682510	    1587.449	    3412.551	    5000.000	    2524.906	    5328.777	    3217.397	                 
	 631.0000	    1.727584	    0.731830	    1340.851	    3659.149	    5000.000	    2523.670	    5277.687	    3218.695	                 
	 661.0000	    1.809719	    0.768916	    1155.418	    3844.582	    5000.000	    2524.138	    5239.272	    3219.786	                 
	 691.0000	    1.891855	    0.797730	    1011.348	    3988.652	    5000.000	    2526.195	    5209.428	    3220.712	                 
	 721.0000	    1.973990	    0.820599	    897.0049	    4102.995	    5000.000	    2529.571	    5185.744	    3221.519	                 
	 751.0000	    2.056126	    0.839462	    802.6893	    4197.311	    5000.000	    2533.024	    5166.208	    3222.233	                 
	 781.0000	    2.138262	    0.854996	    725.0215	    4274.979	    5000.000	    2536.719	    5150.122	    3222.874	                 
	 811.0000	    2.220397	    0.868020	    659.9014	    4340.099	    5000.000	    2540.687	    5136.635	    3223.457	                 
	 841.0000	    2.302532	    0.879041	    604.7962	    4395.204	    5000.000	    2544.794	    5125.223	    3223.991	                 
	 871.0000	    2.384668	    0.888634	    556.8284	    4443.172	    5000.000	    2548.686	    5115.289	    3224.488	                 
	 901.0000	    2.466804	    0.896968	    515.1622	    4484.838	    5000.000	    2552.371	    5106.660	    3224.950	                 
	 931.0000	    2.548939	    0.904255	    478.7234	    4521.277	    5000.000	    2556.458	    5099.114	    3225.383	                 
	 961.0000	    2.631075	    0.910688	    446.5609	    4553.439	    5000.000	    2561.079	    5092.453	    3225.766	                 
	 991.0000	    2.713210	    0.916512	    417.4404	    4582.560	    5000.000	    2565.389	    5086.423	    3226.125	                 
	 1021.000	    2.795346	    0.921765	    391.1770	    4608.823	    5000.000	    2569.380	    5080.984	    3226.477	                 
	 1051.000	    2.877481	    0.926405	    367.9734	    4632.027	    5000.000	    2573.406	    5076.180	    3226.824	                 
	 1081.000	    2.959617	    0.930684	    346.5821	    4653.418	    5000.000	    2577.247	    5071.750	    3227.142	                 
	 1111.000	    3.041752	    0.934613	    326.9342	    4673.066	    5000.000	    2580.843	    5067.682	    3227.445	                 
	 1141.000	    3.123888	    0.938205	    308.9765	    4691.023	    5000.000	    2584.238	    5063.963	    3227.739	                 
	 1171.000	    3.206023	    0.941329	    293.3525	    4706.647	    5000.000	    2587.784	    5060.729	    3228.030	                 
	 1201.000	    3.288159	    0.944293	    278.5355	    4721.464	    5000.000	    2591.217	    5057.661	    3228.305	                 
	 1231.000	    3.370294	    0.947073	    264.6339	    4735.366	    5000.000	    2594.468	    5054.782	    3228.559	                 
	 1261.000	    3.452430	    0.949583	    252.0851	    4747.915	    5000.000	    2597.536	    5052.184	    3228.819	                 
	 1291.000	    3.534565	    0.951922	    240.3899	    4759.610	    5000.000	    2600.441	    5049.762	    3229.058	                 
	 1321.000	    3.616701	    0.954074	    229.6304	    4770.370	    5000.000	    2603.173	    5047.535	    3229.288	                 
	 1351.000	    3.698836	    0.956055	    219.7270	    4780.273	    5000.000	    2605.734	    5045.484	    3229.511	                 
	 1381.000	    3.780972	    0.957883	    210.5859	    4789.414	    5000.000	    2608.142	    5043.591	    3229.729	                 
	 1411.000	    3.863107	    0.959582	    202.0879	    4797.912	    5000.000	    2610.422	    5041.832	    3229.947	                 
	 1441.000	    3.945243	    0.961175	    194.1236	    4805.876	    5000.000	    2612.576	    5040.183	    3230.159	                 
